-0.00626188  0.000431985  0.000177509  0.100643  0.0394717  0.191254  
-0.006057  0.000990942  0  0.0985519  -0.0455708  0.149153  
-0.00590504  0.000711957  -9.97131e-05  0.106117  0.00731603  0.153621  
-0.00615559  0.000970089  -0.000194818  0.103614  0.0250987  0.171788  
-0.00568824  0.00114363  -0.000244781  0.103867  0.000581383  0.143344  
-0.00601314  0.00112016  -7.95593e-05  0.101134  0.0296631  0.150575  
-0.00629878  0.0012063  0  0.0905323  0.0219864  0.159606  
-0.00635167  0.00152596  -0.000578199  0.0550718  0.0211351  0.191235  
-0.00575638  0.00132123  -0.000207607  0.0643883  -0.00388374  0.1834  
-0.00619792  0.00135021  -0.000302879  0.0756309  0.0877195  0.225555  
-0.00542221  0.00154344  -0.000168204  0.0756469  0.0275798  0.213838  
-0.00560493  0.00186081  -0.000405236  0.0756073  0.0289513  0.200957  
-0.00579511  0.00159808  -0.00036148  0.0586314  0.0538662  0.196581  
-0.0055494  0.00142201  -0.000475112  0.0575239  0.042933  0.186193  
-0.00521606  0.00169448  -0.000404494  0.0483805  -0.0189032  0.162804  
-0.00524422  0.00163973  -0.000517109  0.047978  0.0379446  0.164939  
-0.00558884  0.00151814  -0.000404494  0.0548283  0.0225411  0.177965  
-0.00511218  0.00181657  -0.000330875  0.0446348  0.0038761  0.191456  
-0.00527488  0.00163973  -0.000332277  0.0251638  0.0947051  0.214263  
-0.00457216  0.00163973  -0.000404494  0.013702  0.0397762  0.208719  
-0.00495093  0.00163973  -0.000752394  0.0174665  0.128126  0.192012  
-0.00517005  0.00163973  -0.000863909  0.0142808  0.0880752  0.188491  
-0.00501368  0.00163973  -0.000752561  0.021469  0.0645173  0.175035  
-0.00418369  0.00150383  -0.000728263  0.0352875  0.138515  0.177238  
-0.00386889  0.00163973  -0.000483621  0.0442993  0.0515369  0.142099  
-0.00467005  0.00163973  -0.000488171  0.0515032  0.0805084  0.142207  
-0.00439936  0.00163973  -0.000659447  0.0530812  0.0645176  0.142191  
-0.00371235  0.00163973  -0.00057897  0.054337  0.0402758  0.142163  
-0.00407392  0.00201166  -0.000569506  0.0514608  0.0716185  0.142214  
-0.00443203  0.0019003  -0.000758441  0.0395914  0.0804007  0.145933  
-0.00425394  0.00193837  -0.000816794  0.0365125  0.064527  0.133558  
-0.00435747  0.00213113  -0.000843766  0.0418684  0.0792937  0.142238  
-0.00457708  0.00225452  -0.00101035  0.0306895  0.122205  0.169226  
-0.00414014  0.00230197  -0.00128197  0.0193286  0.0776799  0.162633  
-0.00454334  0.0024489  -0.00134635  0.00698994  0.118353  0.164875  
-0.00402038  0.00252394  -0.00131894  0.00534104  0.0973033  0.194846  
-0.00436144  0.00240316  -0.00122691  0.0148848  0.131577  0.193325  
-0.00383775  0.00254731  -0.00139527  -0.00285821  0.11988  0.199058  
-0.00224533  0.00276311  -0.00131379  0.00533471  0.0994044  0.0975005  
-0.00152175  0.00247968  -0.00112089  0.0618627  0.178951  0.139681  
-0.00182031  0.0024346  -0.00104439  0.0790644  0.0957892  0.115568  
-0.00211468  0.00267945  -0.00131379  0.0556274  0.0850829  0.136648  
-0.00429938  0.00271101  -0.00161327  0.02395  0.114025  0.199019  
-0.00394241  0.00275599  -0.00176454  0.0271199  0.130293  0.18891  
-0.00361232  0.0030356  -0.00177539  0.0317391  0.104127  0.164465  
-0.0036837  0.00297779  -0.00189574  0.0193622  0.136392  0.164461  
-0.0036598  0.00268836  -0.00177539  0.0217954  0.167899  0.190111  
-0.00374344  0.00294676  -0.00191974  0.0166653  0.167887  0.201983  
-0.00390302  0.00300529  -0.00186335  0.013267  0.139052  0.204595  
-0.00409357  0.00293278  -0.00187224  0.0187377  0.19594  0.190298  
-0.00393975  0.00304503  -0.00185391  0.0034179  0.161981  0.209151  
-0.00283557  0.00329506  -0.00242526  -0.00446397  0.162105  0.199281  
-0.00346679  0.00354925  -0.00292982  -0.0261334  0.227285  0.221256  
-0.00330811  0.00358555  -0.00298562  -0.0232648  0.162079  0.224361  
-0.00326738  0.00362259  -0.0027448  -0.0290978  0.135218  0.196829  
-0.00308305  0.00338173  -0.00290679  -0.0345685  0.198558  0.20748  
-0.00285436  0.00338236  -0.00305025  -0.0345921  0.160181  0.206825  
-0.00332235  0.0035413  -0.00304492  -0.0274915  0.160117  0.192101  
-0.0037643  0.00349637  -0.00298562  -0.0169471  0.198942  0.185202  
-0.00337043  0.0036438  -0.00298562  -0.0209194  0.162901  0.201019  
-0.00419663  0.00362576  -0.00298562  -0.0251915  0.20324  0.174142  
-0.00371773  0.00353147  -0.00298562  -0.027458  0.178147  0.152259  
-0.00389691  0.00353591  -0.00298562  -0.0278878  0.178125  0.184862  
-0.00347356  0.00339977  -0.00286046  -0.0214514  0.178195  0.174836  
-0.00373024  0.00338636  -0.00298562  -0.0237502  0.183865  0.172255  
-0.00324487  0.00356497  -0.0032173  -0.0432659  0.184034  0.152223  
-0.00281692  0.00365528  -0.00343145  -0.0299019  0.161189  0.152147  
-0.00223222  0.00353377  -0.00307226  0.0190335  0.212684  0.11995  
-0.00201064  0.00321307  -0.00324847  0.00504828  0.199569  0.154146  
-0.0021903  0.00341675  -0.00342819  0.0189454  0.188395  0.181487  
-0.00206412  0.00329318  -0.00340351  0.0189529  0.206382  0.172001  
-0.00252435  0.00345455  -0.00324371  0.00599332  0.207932  0.167439  
-0.00223115  0.00330881  -0.00298562  -0.00497428  0.17669  0.152336  
-0.0027927  0.00364088  -0.00298562  -0.0159453  0.171161  0.154866  
-0.00264485  0.00353191  -0.00298562  -0.0065786  0.245041  0.181996  
-0.00245462  0.00329902  -0.00316336  0.000877241  0.226522  0.199517  
-0.00227726  0.00360919  -0.0031747  0.00663659  0.203709  0.186745  
-0.00281604  0.00330747  -0.00336934  0.00953561  0.230957  0.194746  
-0.00243026  0.0031643  -0.00342435  0.0226798  0.235274  0.22126  
-0.00180169  0.00315709  -0.00304616  0.0288389  0.226077  0.159651  
0.00102592  0.00201165  -0.00274359  0.015991  0.188155  -0.00690511  
0.0023153  0.00178504  -0.00215225  -0.0155816  0.215408  0.0208252  
-0.00386282  0.000853607  -0.00111459  -0.0306089  0.110116  0.013373  
-0.00150249  -0.000775193  0.0007758  -0.00184308  -0.0849089  0.0129221  
-1.54362e-05  -2.78925e-06  -1.69053e-05  -0.00071903  -0.00226233  -0.0060906  
-0.00107549  0.000202303  -0.00031817  -0.000916365  0.0893286  0.0065387  
-0.00108181  0.000208235  -0.00066089  -0.00345064  0.0946656  -0.0129627  
-0.00131799  0.000304314  -0.000955076  -0.00789443  0.11021  -0.0216361  
-0.00138073  0.000197017  -0.00130182  -0.00204265  0.136844  -0.0211803  
-0.00144618  0.000446174  -0.00143824  -0.00105571  0.131567  0.00797832  
-0.00188813  0.00054868  -0.00161118  0.00132373  0.0990436  0.0410656  
-0.00217484  0.000600014  -0.00178867  -0.00455926  0.0233436  0.0341276  
-0.0020727  0.000397694  -0.00178867  -0.00468219  0.0409291  0.0143877  
-0.0027174  0.00140052  -0.00165544  0.0544591  0.0551174  0.0913815  
-0.0104631  0.00197058  0.000327582  0.130726  -0.0225592  0.391761  
-0.0124106  0.00242234  0.000505302  0.112302  0.0198434  0.436941  
-0.0119235  0.00203674  0.000576033  0.0395278  0.0407491  0.485842  
-0.00990412  0.00245588  -0.000151566  -0.00266391  0.0389649  0.42204  
-0.00883932  0.00266653  -0.000621883  0.0132559  0.104819  0.407946  
-0.00886291  0.0029174  -0.000692013  -0.00974629  0.106617  0.365347  
-0.00947314  0.00315128  -0.000626644  -0.0057093  0.16467  0.384959  
-0.00793917  0.00301775  -0.00102306  -0.00319376  0.121458  0.27996  
-0.00818755  0.00331398  -0.00115965  -0.00638127  0.1719  0.299436  
-0.00852886  0.00330064  -0.000619332  0.023818  0.16911  0.377975  
-0.00850486  0.0035551  -0.000619332  0.0320938  0.126013  0.348369  
-0.00841254  0.00335145  -0.000737064  0.0238054  0.163363  0.339477  
-0.00806788  0.00349052  -0.00093378  0.0205371  0.129319  0.329387  
-0.00705525  0.00354275  -0.000911316  0.0246878  0.10069  0.256938  
-0.00773117  0.00338826  -0.000914858  0.0464222  0.187054  0.310089  
-0.00765717  0.00390978  -0.00125135  0.0623042  0.10913  0.305023  
-0.00714869  0.00373529  -0.00113785  0.0319823  0.169702  0.265446  
-0.00760286  0.0038847  -0.000962698  0.0350214  0.143149  0.317289  
-0.00678795  0.00386691  -0.00116772  0.0327973  0.180184  0.280303  
-0.00695852  0.00407647  -0.00151704  0.000692778  0.226538  0.309026  
-0.00743312  0.00369234  -0.000676405  0.0101013  0.147221  0.25887  
-0.00984465  0.00346844  6.84932e-06  0.0245282  0.195418  0.31752  
-0.00781369  0.00281042  -0.000294784  0.0275125  0.0925206  0.237175  
-0.00811454  0.00261699  -0.000537662  0.0306911  0.168075  0.233535  
-0.00751688  0.00261699  -0.000683389  0.0130113  0.157811  0.233363  
-0.00724138  0.00321916  -0.000703361  0.00696344  0.161085  0.269212  
-0.00785486  0.00303912  -0.000659284  0.0116634  0.203979  0.28179  
-0.00799382  0.00335528  -0.000517273  0.0280168  0.201891  0.314875  
-0.00765164  0.00330068  -0.000492709  0.053928  0.160214  0.286237  
-0.00793857  0.00339288  -0.000531951  0.0468569  0.216387  0.314666  
-0.00735002  0.00336481  -0.000596205  0.037613  0.164493  0.273714  
-0.00650015  0.00331388  -0.000621501  0.0525931  0.194391  0.249612  
-0.00720269  0.0034309  -0.000716214  0.0536039  0.202237  0.28066  
-0.00720862  0.00339168  -0.000880258  0.0514694  0.155394  0.250964  
-0.00705897  0.00338664  -0.000879165  0.0517697  0.186826  0.25107  
-0.00752647  0.00323309  -0.0009551  0.0528099  0.194224  0.261837  
-0.00664107  0.00261699  -0.00108632  0.0548714  0.181145  0.221229  
-0.00717159  0.0031229  -0.00100112  0.0551037  0.188036  0.270322  
-0.00837496  0.00332427  -0.00137438  0.0516279  0.223155  0.335449  
-0.00807763  0.00322728  -0.00151342  0.0551736  0.178693  0.320948  
-0.00809021  0.00353887  -0.00188942  0.0225596  0.169382  0.301648  
-0.00789914  0.00344558  -0.00151342  0.0253205  0.252373  0.338449  
-0.00683444  0.00313587  -0.00157202  0.0493549  0.17847  0.264372  
-0.00714034  0.00303557  -0.00151342  0.0493981  0.194018  0.235604  
-0.00705615  0.00305035  -0.00157903  0.0493721  0.221417  0.281871  
-0.00832486  0.00330312  -0.00111138  0.0818318  0.125488  0.308183  
-0.00725398  0.00323266  -0.00112458  0.0839274  0.179103  0.225531  
-0.00731999  0.00306959  -0.00130534  0.0800278  0.208434  0.296123  
-0.00693983  0.00318367  -0.00110871  0.0832778  0.163023  0.261519  
-0.00704876  0.00311739  -0.00116522  0.0811753  0.242291  0.280188  
-0.00708235  0.00323005  -0.00129859  0.0769706  0.230865  0.311988  
-0.00699003  0.00338208  -0.00160235  0.0774521  0.233475  0.331672  
-0.00734275  0.00341767  -0.00176067  0.0856556  0.262708  0.35888  
-0.00739423  0.00375927  -0.00179404  0.0748279  0.244078  0.38163  
-0.00701946  0.00334468  -0.00179404  0.0739656  0.223458  0.360888  
-0.00640402  0.00349019  -0.00188356  0.0769962  0.252584  0.333074  
-0.00626358  0.00335145  -0.00179404  0.0753217  0.277086  0.346965  
-0.00686594  0.00359281  -0.00188301  0.098216  0.22803  0.381513  
-0.0074037  0.00343893  -0.00193442  0.090596  0.227907  0.347448  
-0.00758306  0.00364401  -0.00179404  0.0812636  0.255723  0.379596  
-0.00586377  0.00324066  -0.00179404  0.0803704  0.188735  0.285999  
-0.00740836  0.00371361  -0.00266503  0.0794744  0.254289  0.331345  
-0.00806585  0.00381635  -0.00264908  0.0435624  0.255967  0.388599  
-0.00656076  0.00414104  -0.0026763  0.0429767  0.226575  0.351166  
-0.00723481  0.00444644  -0.00223386  0.0463157  0.262331  0.358984  
-0.00726158  0.00398552  -0.00223386  0.0498527  0.258705  0.387598  
-0.00716397  0.00408777  -0.00223386  0.0550042  0.246582  0.391847  
-0.00807255  0.00414935  -0.00223386  0.0453145  0.24615  0.371163  
-0.00866303  0.0041587  -0.00214532  0.0400899  0.244382  0.413894  
-0.00669111  0.00359695  -0.00184572  0.040938  0.198032  0.29955  
-0.00598529  0.00301833  -0.00147018  0.0284514  0.232687  0.279526  
-0.00543481  0.00312348  -0.00144731  0.0224444  0.215355  0.31899  
-0.00495444  0.00294775  -0.00166348  0.0410885  0.204412  0.237103  
-0.00638405  0.00324194  -0.00127096  0.0422928  0.261003  0.311458  
